[0]
position=226.000000,477.000000
size=500.000000,500.000000
flags=0
[1]
position=1440.000000,0.000000
size=480.000000,1017.000000
flags=0
[2]
position=960.000000,0.000000
size=480.000000,1017.000000
flags=0