[0]
position=1130.000000,198.000000
size=404.000000,490.000000
flags=3
[1]
position=1.000000,131.000000
size=477.000000,618.000000
flags=3
[2]
position=2190.000000,381.000000
size=228.000000,300.000000
flags=3