[0]
position=1124.000000,267.000000
size=404.000000,490.000000
flags=3
[1]
position=137.000000,128.000000
size=477.000000,618.000000
flags=3
[2]
position=2122.000000,237.000000
size=228.000000,300.000000
flags=3