[0]
position=1357.000000,234.000000
size=506.000000,551.000000
flags=3
[1]
position=611.000000,139.000000
size=614.000000,719.000000
flags=3
[2]
position=301.000000,257.000000
size=228.000000,300.000000
flags=3