[0]
position=1187.000000,278.000000
size=506.000000,551.000000
flags=3
[1]
position=200.000000,200.000000
size=433.000000,666.000000
flags=3