[0]
position=1945.000000,217.000000
size=404.000000,490.000000
flags=3
[1]
position=1.000000,131.000000
size=477.000000,618.000000
flags=3
[2]
position=2267.000000,314.000000
size=228.000000,300.000000
flags=3