[0]
position=1357.000000,234.000000
size=506.000000,551.000000
flags=3
[1]
position=861.000000,160.000000
size=614.000000,719.000000
flags=3
[2]
position=479.000000,214.000000
size=228.000000,300.000000
flags=3