[0]
position=1616.000000,542.000000
size=394.000000,490.000000
flags=3
[1]
position=611.000000,139.000000
size=480.000000,719.000000
flags=3
[2]
position=2122.000000,237.000000
size=228.000000,300.000000
flags=3