SubTexture: Opica
TextureAsset: 7eb6dd70-ebbf-4e33-8898-9bb61a8043f6
TexCoords: [0.248958334, 0, 0.359583348, 0.330555558]