SubTexture: PickaxeBoy
TextureAsset: 7eb6dd70-ebbf-4e33-8898-9bb61a8043f6
TexCoords: [0.128124997, 0.00333333341, 0.25, 0.335555553]