Scene: Scene
Entities:
  - Entity: 9cede06b-a169-4d21-9eb3-be4e56768e90
    SceneTagComponent:
      Name: TestEntity
    TransformComponent:
      Position: [0, 0, 0]
      Rotation: [0, 0, 0]
      Scale: [1.14200199, 1, 1]
    SpriteRenderer:
      MaterialAsset: 6b8ecf40-b3aa-4a26-a497-d7cdda43afba
      SubTextureAsset: 6c09566f-7f5e-40cb-98f4-9fc3167481df
      Color: [1, 1, 1, 1]
      SortLayer: 0
      IsVisible: true
    Relationship:
      Parent: 26f0e90a-0740-4861-8a35-e46625cc6976
      PreviousSibling: 35ca1c45-9c54-4c02-8678-b3a8fa247531
  - Entity: 35ca1c45-9c54-4c02-8678-b3a8fa247531
    SceneTagComponent:
      Name: Camera Entity
    TransformComponent:
      Position: [0, 0, 0]
      Rotation: [0, 0, 0]
      Scale: [1, 1, 1]
    CameraComponent:
      ProjectionType: 0
      PerspectiveFOV: 1
      PerspectiveNear: 0.00999999978
      PerspectiveFar: 10000
      OrthographicSize: 1
      OrthographicNear: -1
      OrthographicFar: 1
    Relationship:
      Parent: 26f0e90a-0740-4861-8a35-e46625cc6976
      NextSibling: 9cede06b-a169-4d21-9eb3-be4e56768e90