[scene]
position=-456.000000,-41.500000
size=800.000000,800.000000
collapsed=1
[test panel]
position=132.000000,22.500000
size=500.000000,500.000000
collapsed=1