[scene]
position=-960.000000,-508.500031
size=894.000000,992.000061
collapsed=0
[test panel]
position=-66.000000,-253.500000
size=1026.000000,737.000000
collapsed=0