[scene]
position=480.000000,-508.500031
size=480.000000,992.000061
collapsed=0
[test panel]
position=0.000000,-508.500031
size=480.000000,992.000061
collapsed=0