[scene]
position=-50.000000,-441.000000
size=816.000000,804.000000
collapsed=0
[test panel]
position=-451.000000,-475.000000
size=379.000000,862.000000
collapsed=0
[color picker]
position=-272.000000,88.000000
size=255.000000,255.000000
collapsed=0