[scene]
position=-512.000000,-149.085541
size=512.000000,544.085510
collapsed=0
[test panel]
position=0.000000,-420.000000
size=512.000000,815.000000
collapsed=0