[scene]
position=-236.000000,-457.000000
size=800.000000,800.000000
collapsed=0
[test panel]
position=-835.000000,-340.000000
size=544.000000,661.000000
collapsed=0