[scene]
position=-53.000000,-180.500000
size=800.000000,800.000000
collapsed=1
[test panel]
position=-5.000000,-125.500000
size=500.000000,500.000000
collapsed=0