[scene]
position=0.000000,0.000000
size=960.000000,483.500031
collapsed=0
[test panel]
position=-960.000000,-508.500031
size=1920.000000,483.500031
collapsed=0