[scene]
position=-60.000000,-430.000000
size=492.000000,761.000000
collapsed=0
[test panel]
position=-642.000000,-359.000000
size=577.000000,689.000000
collapsed=0