[scene]
position=-238.000000,-415.000000
size=800.000000,800.000000
collapsed=0
[test panel]
position=-802.000000,-108.000000
size=500.000000,500.000000
collapsed=0