[scene]
position=-13.000000,-508.500000
size=972.000000,992.000000
collapsed=0
[test panel]
position=-961.000000,-513.500000
size=948.000000,996.500000
collapsed=0